netcdf sub {
dimensions:
	latitude = 9 ;
	level = 2 ;
	longitude = 9 ;
	time = 10 ;
variables:
	float latitude(latitude) ;
		latitude:units = "degrees_north" ;
		latitude:long_name = "latitude" ;
	int level(level) ;
		level:units = "millibars" ;
		level:long_name = "pressure_level" ;
	float longitude(longitude) ;
		longitude:units = "degrees_east" ;
		longitude:long_name = "longitude" ;
	int time(time) ;
		time:units = "hours since 1900-01-01 00:00:00.0" ;
		time:long_name = "time" ;
		time:calendar = "gregorian" ;
	short u(time, level, latitude, longitude) ;
		u:scale_factor = 0.000270934372177591 ;
		u:add_offset = 4.15255160556782 ;
		u:_FillValue = -32767s ;
		u:missing_value = -32767s ;
		u:units = "m s**-1" ;
		u:long_name = "U component of wind" ;
		u:standard_name = "eastward_wind" ;
	short v(time, level, latitude, longitude) ;
		v:scale_factor = 0.000187186943937716 ;
		v:add_offset = 1.28458200467256 ;
		v:_FillValue = -32767s ;
		v:missing_value = -32767s ;
		v:units = "m s**-1" ;
		v:long_name = "V component of wind" ;
		v:standard_name = "northward_wind" ;

// global attributes:
		:Conventions = "CF-1.6" ;
		:history = "Fri Jul  3 20:45:39 2020: ncks -d time,1,10 data.nc sub.nc\n",
			"2020-06-30 07:07:13 GMT by grib_to_netcdf-2.16.0: /opt/ecmwf/eccodes/bin/grib_to_netcdf -S param -o /cache/data4/adaptor.mars.internal-1593500809.0007904-16187-13-88557124-d321-4eea-bab8-1367f56839fd.nc /cache/tmp/88557124-d321-4eea-bab8-1367f56839fd-adaptor.mars.internal-1593500809.0013933-16187-2-tmp.grib" ;
		:NCO = "netCDF Operators version 4.9.2 (Homepage = http://nco.sf.net, Code = http://github.com/nco/nco)" ;
data:

 latitude = 52, 51.75, 51.5, 51.25, 51, 50.75, 50.5, 50.25, 50 ;

 level = 825, 850 ;

 longitude = 5, 5.25, 5.5, 5.75, 6, 6.25, 6.5, 6.75, 7 ;

 time = 1031161, 1031162, 1031163, 1031164, 1031165, 1031166, 1031167, 
    1031168, 1031169, 1031170 ;

 u =
  31398, 31456, 30677, 29690, 28962, 28717, 28933, 29394, 29935,
  30822, 30620, 29704, 28623, 27888, 27671, 27815, 28082, 28306,
  30122, 29834, 28818, 27686, 26936, 26532, 26215, 26049, 26093,
  27693, 27217, 26395, 25725, 25357, 24968, 24442, 24204, 24478,
  23872, 23425, 23202, 23396, 23800, 23822, 23267, 22748, 22841,
  21198, 20852, 21104, 22092, 23461, 24211, 23555, 22099, 21255,
  20189, 20563, 21609, 23166, 24910, 25840, 24910, 22603, 20758,
  22409, 23526, 24817, 25804, 26403, 26395, 25285, 23238, 21306,
  26035, 27159, 27902, 27888, 27268, 26475, 25660, 24701, 23591,
  27896, 27787, 27247, 26821, 26692, 26814, 27182, 27773, 28458,
  27860, 27456, 26721, 26252, 26245, 26540, 26994, 27492, 27910,
  28206, 27795, 26951, 26338, 26187, 26180, 26108, 26101, 26194,
  27283, 27031, 26533, 26317, 26367, 26173, 25596, 25120, 25041,
  24601, 24630, 24789, 25365, 26072, 26129, 25322, 24342, 23844,
  22215, 22107, 22475, 23650, 25185, 25906, 25048, 23145, 21501,
  20968, 21047, 21703, 23051, 24652, 25502, 24644, 22201, 19613,
  21847, 22244, 22871, 23455, 23859, 23880, 23138, 21444, 19375,
  23462, 23967, 24298, 24140, 23484, 22684, 22042, 21523, 20816,
  29829, 31234, 32215, 32453, 31948, 31047, 30052, 29122, 28409,
  30074, 31083, 31523, 31191, 30304, 29230, 28243, 27529, 27197,
  29014, 29569, 29490, 28920, 28156, 27327, 26599, 26325, 26469,
  27450, 27507, 27169, 26678, 26094, 25280, 24602, 24645, 25258,
  25136, 24631, 24242, 24047, 23744, 23016, 22187, 21949, 22454,
  22389, 21423, 21149, 21517, 22122, 22303, 21603, 20464, 19880,
  19974, 19498, 20032, 21200, 22620, 23507, 22858, 20868, 19138,
  20335, 20890, 22151, 23391, 24299, 24638, 23816, 21877, 19996,
  22901, 24220, 25583, 26253, 26282, 26152, 25792, 24862, 23528,
  26291, 27466, 28036, 27942, 27380, 26630, 25952, 25505, 25289,
  26190, 27163, 27430, 26990, 26154, 25325, 24842, 24871, 25246,
  26010, 26651, 26637, 26125, 25455, 24835, 24554, 24799, 25318,
  25750, 26017, 25895, 25621, 25275, 24820, 24510, 24720, 25224,
  24244, 24179, 24164, 24301, 24388, 24100, 23573, 23364, 23660,
  21728, 21281, 21310, 22016, 23061, 23602, 23047, 21749, 20690,
  19558, 19392, 19947, 21194, 22766, 23739, 23141, 20964, 18520,
  19781, 20250, 21202, 22139, 22759, 22845, 22016, 20178, 17994,
  21216, 22117, 23004, 23278, 22946, 22398, 21749, 20913, 19868,
  27707, 29228, 30562, 31514, 31989, 32069, 31925, 31593, 31038,
  29142, 30461, 31124, 31240, 31038, 30742, 30432, 30079, 29610,
  28688, 29524, 29589, 29279, 28918, 28536, 28162, 27988, 27988,
  26698, 27181, 27232, 27152, 26914, 26302, 25566, 25343, 25718,
  25660, 25595, 25516, 25501, 25228, 24298, 22935, 21969, 21868,
  24990, 23995, 23469, 23418, 23432, 22863, 21407, 19626, 18559,
  22863, 21515, 21169, 21522, 22034, 22063, 21039, 19158, 17644,
  21162, 20506, 20902, 21594, 22012, 22048, 21443, 20088, 18711,
  20953, 21515, 22625, 23476, 23793, 24016, 24161, 23764, 22863,
  24154, 25314, 26381, 27174, 27491, 27383, 27088, 26756, 26287,
  24276, 25480, 26237, 26576, 26489, 26093, 25689, 25494, 25415,
  24197, 25033, 25401, 25480, 25300, 24932, 24716, 24910, 25343,
  23908, 24377, 24730, 24961, 24846, 24377, 24045, 24363, 25098,
  23981, 24002, 24182, 24435, 24363, 23707, 22834, 22474, 22856,
  23065, 22315, 21962, 22178, 22647, 22604, 21630, 20268, 19453,
  20701, 19828, 19691, 20275, 21256, 21818, 21162, 19381, 17565,
  19518, 19230, 19713, 20405, 20924, 21104, 20607, 19273, 17608,
  19626, 20124, 20974, 21493, 21522, 21443, 21320, 20837, 19922,
  25217, 26623, 27892, 28995, 29665, 29925, 30105, 30292, 30299,
  26133, 27654, 28807, 29463, 29543, 29348, 29269, 29269, 29160,
  25779, 26839, 27538, 27877, 27834, 27582, 27380, 27308, 27380,
  23804, 24554, 25239, 25751, 25895, 25650, 25217, 24886, 24893,
  23055, 23696, 24417, 24943, 25015, 24576, 23682, 22586, 21779,
  23984, 23934, 24201, 24511, 24554, 24071, 22745, 20755, 19039,
  23768, 22961, 22824, 23004, 23062, 22564, 21094, 18895, 17129,
  22276, 21433, 21324, 21469, 21397, 20928, 19883, 18318, 17014,
  20236, 20121, 20596, 21094, 21317, 21483, 21548, 21202, 20553,
  22456, 23234, 23991, 24669, 25044, 25166, 25346, 25613, 25714,
  21216, 22376, 23349, 23998, 24236, 24229, 24272, 24452, 24669,
  20913, 21828, 22513, 22924, 23090, 23112, 23198, 23501, 24042,
  20841, 21367, 21965, 22542, 22859, 22802, 22621, 22730, 23313,
  21684, 21973, 22499, 23104, 23364, 23011, 22239, 21641, 21699,
  22362, 22009, 21958, 22218, 22528, 22383, 21410, 19940, 18923,
  21014, 20257, 20033, 20250, 20668, 20769, 19860, 18022, 16371,
  19623, 19060, 19067, 19276, 19406, 19298, 18635, 17352, 16069,
  18664, 18779, 19226, 19550, 19565, 19486, 19385, 19103, 18584,
  23231, 24183, 25005, 25783, 26374, 26677, 26872, 27067, 27225,
  22698, 24032, 25199, 25971, 26187, 26093, 26093, 26194, 26187,
  22417, 23433, 24233, 24716, 24760, 24587, 24522, 24515, 24450,
  20989, 21638, 22273, 22756, 22828, 22619, 22431, 22229, 22006,
  20024, 20636, 21400, 21977, 22042, 21761, 21328, 20622, 19771,
  20802, 21184, 21819, 22388, 22554, 22229, 21299, 19757, 18243,
  21696, 21602, 21862, 22179, 22157, 21487, 19973, 17962, 16491,
  21422, 20874, 20723, 20586, 20139, 19324, 18048, 16470, 15374,
  19216, 18611, 18510, 18438, 18221, 18185, 18257, 18019, 17609,
  21539, 22029, 22483, 22829, 22880, 22707, 22599, 22671, 22858,
  18893, 19737, 20530, 21013, 21027, 20840, 20818, 21063, 21481,
  18151, 18879, 19448, 19694, 19629, 19528, 19672, 20047, 20631,
  18259, 18677, 19081, 19391, 19484, 19405, 19326, 19384, 19766,
  19102, 19506, 20025, 20515, 20688, 20414, 19830, 19211, 18973,
  20133, 20342, 20623, 20933, 21092, 20833, 19960, 18627, 17516,
  19722, 19557, 19528, 19578, 19542, 19117, 17963, 16240, 14806,
  18612, 18187, 17971, 17812, 17480, 16839, 15866, 14683, 13775,
  17055, 16925, 16954, 16947, 16680, 16356, 16226, 16183, 16046,
  23625, 23979, 24029, 24022, 24087, 24303, 24707, 25197, 25593,
  21903, 22450, 22796, 22991, 23042, 23164, 23575, 24137, 24527,
  20230, 20886, 21369, 21701, 21830, 21881, 22068, 22349, 22530,
  18349, 18839, 19300, 19704, 19913, 19927, 19913, 19949, 19985,
  16864, 17361, 17981, 18522, 18767, 18723, 18529, 18284, 18053,
  16618, 17217, 17995, 18738, 19271, 19372, 18839, 17894, 17137,
  17484, 18003, 18630, 19293, 19898, 19942, 18925, 17318, 16265,
  18442, 18457, 18536, 18687, 18868, 18637, 17584, 16107, 15133,
  17750, 17080, 16698, 16582, 16633, 16712, 16683, 16438, 16092,
  22431, 22301, 22142, 22020, 21854, 21760, 21876, 22041, 22128,
  18581, 18740, 19006, 19172, 19115, 19050, 19230, 19562, 19965,
  16022, 16620, 17190, 17428, 17341, 17312, 17557, 17976, 18538,
  15316, 15986, 16591, 16945, 17067, 17111, 17147, 17226, 17529,
  15676, 16411, 17226, 17925, 18329, 18322, 17940, 17493, 17348,
  16433, 17262, 18127, 18855, 19381, 19439, 18805, 17774, 16952,
  16671, 17276, 17817, 18300, 18790, 18826, 17831, 16145, 14811,
  16361, 16433, 16534, 16678, 16851, 16649, 15669, 14270, 13261,
  15150, 15142, 15301, 15424, 15424, 15279, 15070, 14897, 14674,
  23182, 24004, 24465, 24458, 24256, 24263, 24616, 25135, 25611,
  20623, 21423, 22079, 22317, 22295, 22439, 22944, 23564, 24025,
  18467, 19116, 19750, 20176, 20385, 20616, 21026, 21466, 21798,
  16348, 16824, 17336, 17782, 18078, 18265, 18453, 18676, 18979,
  14207, 14654, 15245, 15814, 16233, 16406, 16341, 16290, 16543,
  12794, 13399, 14257, 15158, 16002, 16506, 16362, 15872, 15735,
  12650, 13558, 14711, 15814, 16910, 17660, 17465, 16543, 15915,
  14120, 15036, 15930, 16543, 17069, 17422, 17119, 16204, 15447,
  15267, 15555, 15728, 15771, 15814, 15959, 16096, 16031, 15793,
  23677, 23749, 23561, 23136, 22660, 22501, 22775, 23215, 23540,
  19178, 19250, 19330, 19258, 19121, 19250, 19719, 20252, 20735,
  15170, 15473, 15963, 16309, 16540, 16915, 17448, 17989, 18609,
  13166, 13663, 14363, 15048, 15667, 16201, 16540, 16799, 17311,
  12467, 13188, 14197, 15264, 16201, 16691, 16605, 16432, 16770,
  12424, 13418, 14665, 15970, 17217, 17938, 17672, 16857, 16460,
  12676, 13829, 15062, 16287, 17628, 18558, 18176, 16684, 15386,
  13346, 14161, 14968, 15718, 16525, 17030, 16619, 15437, 14334,
  13426, 13808, 14262, 14752, 15163, 15372, 15401, 15358, 15134,
  22475, 22670, 22994, 23463, 23830, 24046, 24407, 25020, 25604,
  20038, 20262, 20694, 21199, 21574, 21891, 22461, 23261, 23910,
  17746, 18085, 18546, 18957, 19217, 19476, 19981, 20658, 21249,
  15569, 15886, 16218, 16463, 16600, 16751, 17018, 17400, 17883,
  13197, 13507, 13824, 14019, 14084, 14113, 14149, 14235, 14588,
  10667, 10970, 11525, 12109, 12592, 12945, 13039, 12952, 13118,
  9153, 9586, 10530, 11683, 12757, 13493, 13637, 13442, 13586,
  9968, 10681, 11827, 13154, 14199, 14581, 14286, 13846, 13925,
  11640, 12210, 13067, 14264, 15108, 15122, 14668, 14408, 14509,
  23653, 24035, 24259, 24323, 24165, 23963, 24057, 24468, 24915,
  19580, 19825, 20077, 20150, 20070, 20106, 20474, 21079, 21721,
  15853, 16091, 16365, 16444, 16451, 16711, 17324, 18109, 18967,
  13272, 13416, 13719, 14036, 14390, 14858, 15421, 16084, 16949,
  11686, 11895, 12328, 12912, 13517, 13950, 14137, 14426, 15197,
  10504, 10872, 11412, 12205, 13294, 14231, 14462, 14224, 14274,
  9524, 10122, 10886, 12040, 13784, 15428, 15896, 15211, 14455,
  9834, 10756, 11845, 13085, 14498, 15550, 15637, 15010, 14433,
  10446, 11521, 12782, 13943, 14692, 14865, 14721, 14721, 14865,
  22595, 22321, 21817, 21053, 20238, 19942, 20591, 21896, 23186,
  20526, 19733, 19070, 18746, 18789, 19265, 20159, 21211, 22271,
  18147, 17657, 17282, 17333, 17758, 18349, 18940, 19488, 20144,
  15725, 15934, 15891, 15841, 15841, 15790, 15783, 16078, 16734,
  12669, 13130, 13332, 13426, 13375, 13051, 12676, 12676, 13159,
  8927, 9446, 9994, 10592, 11090, 11227, 10989, 10729, 10751,
  6491, 7139, 8069, 9259, 10535, 11378, 11371, 10758, 10210,
  7219, 7947, 8949, 10297, 11695, 12560, 12553, 11933, 11292,
  8603, 9381, 10369, 11486, 12251, 12560, 12741, 12935, 12928,
  23528, 23953, 24076, 23758, 23052, 22475, 22619, 23499, 24566,
  20370, 20363, 20219, 20010, 19938, 20161, 20579, 21070, 21826,
  17278, 17321, 17198, 16932, 16888, 17249, 17761, 18251, 19001,
  14827, 14906, 14791, 14553, 14387, 14372, 14582, 15165, 16232,
  11936, 11929, 11929, 12159, 12412, 12376, 12210, 12455, 13313,
  8822, 8944, 9211, 9903, 10855, 11496, 11539, 11287, 11150,
  6551, 6969, 7726, 9031, 10739, 12073, 12368, 11763, 10934,
  6472, 7142, 8331, 9961, 11554, 12477, 12563, 12203, 11835,
  7279, 8281, 9788, 11280, 12058, 12131, 12195, 12628, 13060,
  21849, 20847, 20098, 20263, 20689, 20790, 21035, 21921, 22945,
  19564, 18382, 17553, 17776, 18252, 18367, 18634, 19470, 20379,
  15945, 15592, 15289, 15253, 15369, 15621, 16147, 16861, 17582,
  11779, 12103, 12406, 12449, 12615, 13170, 13869, 14431, 15109,
  8095, 8217, 8859, 9450, 10034, 10755, 11382, 11843, 12586,
  5939, 5651, 6026, 6588, 7331, 8340, 9313, 10070, 10906,
  5060, 4844, 4714, 4851, 5687, 7078, 8376, 9407, 10625,
  5067, 4426, 3568, 3582, 5031, 7042, 8643, 10020, 11678,
  4930, 4245, 3366, 3813, 5954, 8376, 10200, 11923, 13653,
  20820, 21030, 21657, 22889, 23791, 23891, 23913, 24468, 25124,
  18643, 18903, 19191, 20020, 20784, 20914, 20849, 21195, 21794,
  15097, 15789, 16301, 16683, 16942, 17151, 17483, 18031, 18759,
  11081, 11910, 12667, 13107, 13518, 14116, 14722, 15255, 15969,
  7571, 8097, 8926, 9740, 10577, 11377, 11910, 12321, 13093,
  4701, 4911, 5704, 6655, 7614, 8472, 9070, 9531, 10130,
  2214, 2142, 2806, 3981, 5343, 6554, 7398, 7945, 8465,
  1357, 729, 1011, 2438, 4276, 5711, 6691, 7664, 8702,
  1385, 1083, 1306, 2618, 4420, 5884, 7059, 8392, 9676 ;

 v =
  -7562, -6649, -7092, -8365, -9889, -11292, -12148, -11950, -10353,
  -7713, -7369, -8209, -9586, -10864, -11590, -11230, -9445, -6633,
  -7588, -7332, -7938, -8934, -9774, -10051, -9331, -7572, -5533,
  -7145, -7171, -7692, -8511, -9247, -9524, -9028, -7891, -6821,
  -8480, -8997, -9513, -10170, -10791, -10885, -10144, -8877, -7807,
  -11548, -11934, -11976, -12242, -12800, -13035, -12388, -11094, -9962,
  -13781, -13395, -12889, -12868, -13421, -13989, -13974, -13478, -13155,
  -11970, -11370, -11261, -11600, -12184, -12800, -13405, -14208, -15346,
  -8976, -9023, -9560, -10176, -10583, -10885, -11642, -13322, -15612,
  -14116, -13261, -13542, -14450, -15713, -16954, -17393, -16443, -14179,
  -14638, -14095, -14742, -15974, -17100, -17424, -16266, -13595, -10162,
  -13615, -13198, -13835, -14878, -15629, -15504, -14137, -11769, -9202,
  -12238, -12363, -12854, -13553, -14168, -14283, -13522, -12040, -10464,
  -12749, -13250, -13532, -13928, -14315, -14127, -13135, -11737, -10464,
  -14628, -14836, -14721, -14795, -14993, -14815, -14064, -13062, -12123,
  -15337, -15087, -14868, -15087, -15723, -16307, -16360, -15827, -15139,
  -13449, -13396, -14033, -15160, -16141, -16506, -16328, -16036, -16141,
  -12322, -12833, -14189, -15410, -15514, -14732, -14273, -14868, -16245,
  -10363, -9507, -8589, -7598, -6575, -5688, -5334, -5788, -6675,
  -9805, -9617, -9080, -8323, -7525, -6826, -6560, -6951, -7504,
  -9643, -9726, -9320, -8657, -8099, -7739, -7556, -7525, -7441,
  -8365, -8490, -8281, -8088, -8250, -8568, -8553, -8052, -7348,
  -6899, -7389, -7760, -8344, -9314, -10206, -10332, -9575, -8454,
  -7864, -8574, -9194, -10128, -11568, -12898, -13211, -12309, -10848,
  -11563, -12074, -12565, -13347, -14511, -15434, -15251, -13848, -12132,
  -13744, -13890, -14333, -14813, -15043, -14808, -14057, -13091, -12476,
  -13008, -12966, -13107, -12914, -12085, -10984, -10368, -10739, -11985,
  -15985, -14973, -13627, -12124, -10862, -10246, -10392, -11217, -12291,
  -16413, -15526, -14243, -13053, -12323, -12062, -12260, -12803, -13084,
  -15964, -15495, -14556, -13596, -13011, -12803, -12803, -12824, -12500,
  -13137, -13387, -12990, -12490, -12552, -13032, -13251, -12834, -11947,
  -10257, -11060, -11311, -11780, -12907, -14044, -14232, -13272, -11655,
  -10622, -11540, -12229, -13366, -14931, -16058, -16027, -14889, -13032,
  -13356, -14128, -14921, -16069, -17321, -18041, -17759, -16444, -14451,
  -14942, -15359, -16194, -17195, -17696, -17352, -16329, -15025, -13930,
  -14712, -14910, -15745, -16204, -15369, -13679, -12427, -12302, -13168,
  -12499, -11936, -11477, -10913, -10141, -9046, -7606, -6197, -5248,
  -11779, -11581, -11612, -11477, -10934, -9891, -8534, -7345, -6719,
  -10444, -10632, -11007, -11112, -10809, -10141, -9202, -8274, -7814,
  -9369, -9494, -9745, -9933, -10152, -10298, -10037, -9327, -8680,
  -8096, -8054, -8263, -8733, -9557, -10413, -10726, -10339, -9630,
  -7877, -7658, -7762, -8294, -9432, -10830, -11623, -11352, -10475,
  -10715, -10141, -10099, -10632, -11821, -13240, -13783, -12812, -11112,
  -13658, -13042, -13251, -13824, -14440, -14847, -14586, -13501, -12238,
  -15066, -14492, -14377, -14190, -13595, -12750, -12113, -11946, -12280,
  -16304, -16137, -15772, -14885, -13539, -11849, -9971, -8458, -7905,
  -16982, -16722, -16273, -15428, -14165, -12506, -10826, -9877, -10013,
  -15689, -15720, -15710, -15313, -14416, -13153, -11932, -11379, -11692,
  -12652, -13195, -13560, -13550, -13404, -13247, -13028, -12725, -12475,
  -9428, -10044, -10503, -11077, -12026, -13080, -13696, -13518, -12600,
  -8207, -8708, -9480, -10806, -12517, -14019, -14781, -14572, -13404,
  -10305, -10941, -12068, -13675, -15386, -16649, -17003, -16252, -14437,
  -13362, -13873, -14906, -16242, -17264, -17431, -16795, -15647, -14207,
  -14917, -14948, -15595, -16252, -15908, -14551, -13237, -12788, -13007,
  -15067, -14138, -13408, -12719, -12104, -11551, -10789, -9641, -8253,
  -14097, -13512, -13356, -13293, -13126, -12709, -11853, -10643, -9359,
  -12427, -12375, -12542, -12719, -12761, -12521, -11905, -11112, -10403,
  -11498, -11165, -11029, -11185, -11603, -11989, -12072, -11895, -11645,
  -11363, -10507, -10152, -10413, -11154, -11989, -12563, -12698, -12438,
  -11801, -10497, -9871, -10017, -10768, -11864, -12803, -12897, -12104,
  -13940, -12291, -11467, -11530, -12198, -13231, -13961, -13439, -11770,
  -16611, -15182, -14524, -14472, -14629, -14869, -14910, -14211, -12844,
  -18750, -17613, -16642, -15797, -14890, -13950, -13251, -12959, -12980,
  -16567, -16045, -15670, -15138, -14449, -13614, -12331, -10547, -8731,
  -17360, -16964, -16671, -16254, -15659, -14626, -12967, -11047, -9535,
  -15565, -15471, -15513, -15503, -15232, -14345, -12884, -11507, -10849,
  -12571, -12446, -12529, -12769, -13093, -13218, -13051, -12811, -12811,
  -10432, -9910, -9785, -10254, -11277, -12519, -13552, -14094, -14052,
  -9305, -8491, -8533, -9608, -11329, -13103, -14449, -14971, -14428,
  -10547, -10046, -10578, -12112, -14094, -15837, -16891, -16786, -15325,
  -13802, -13625, -14240, -15555, -16828, -17433, -17339, -16598, -15200,
  -16285, -15899, -16139, -16692, -16536, -15388, -14167, -13646, -13625,
  -16041, -15728, -15300, -14810, -14226, -13495, -12577, -11502, -10261,
  -16803, -16177, -15791, -15509, -15050, -14278, -13307, -12285, -11148,
  -16417, -15666, -15133, -14758, -14278, -13620, -12963, -12462, -11920,
  -16072, -14779, -13829, -13360, -13130, -12921, -12796, -12754, -12483,
  -16093, -14486, -13443, -13078, -13067, -13193, -13485, -13777, -13610,
  -16542, -14653, -13422, -12963, -12994, -13328, -13819, -13986, -13516,
  -17773, -15592, -14142, -13589, -13547, -13746, -13913, -13464, -12274,
  -18848, -17085, -15832, -15102, -14622, -14393, -14361, -14048, -13151,
  -19818, -18618, -17304, -16020, -14820, -13913, -13506, -13443, -13453,
  -15959, -15750, -15468, -14936, -14258, -13538, -12526, -11107, -9531,
  -17743, -17180, -16710, -16157, -15479, -14592, -13309, -11712, -10084,
  -17503, -16460, -15719, -15187, -14655, -13830, -12630, -11378, -10366,
  -15688, -13976, -12860, -12349, -12192, -12015, -11712, -11451, -11253,
  -14248, -12036, -10637, -10230, -10554, -11222, -11994, -12693, -13027,
  -13121, -10742, -9490, -9531, -10470, -11681, -12787, -13611, -13862,
  -13142, -11232, -10397, -10804, -12015, -13319, -14300, -14728, -14331,
  -14790, -13444, -12881, -13309, -14185, -14801, -15114, -15249, -14884,
  -16084, -14988, -14613, -14874, -14842, -14122, -13496, -13590, -14018,
  -17004, -16827, -16420, -15851, -15267, -14777, -14255, -13452, -12314,
  -18434, -17703, -17229, -16843, -16331, -15684, -14970, -14083, -12951,
  -19524, -18710, -18074, -17427, -16556, -15570, -14688, -13937, -13196,
  -20969, -19566, -18403, -17443, -16457, -15465, -14667, -14104, -13561,
  -21627, -19743, -18345, -17380, -16514, -15742, -15319, -15173, -14881,
  -21621, -19389, -17745, -16780, -16206, -15836, -15664, -15418, -14808,
  -21830, -19342, -17474, -16483, -16065, -15799, -15408, -14672, -13603,
  -21397, -19383, -17750, -16603, -15877, -15418, -15095, -14667, -13916,
  -20948, -19597, -18032, -16436, -15184, -14401, -14031, -13916, -13744,
  -15864, -15510, -15051, -14398, -13731, -13183, -12510, -11393, -9933,
  -17581, -16803, -16151, -15484, -14769, -13976, -12974, -11680, -10214,
  -19083, -17909, -16850, -15791, -14638, -13360, -12035, -10825, -9813,
  -19882, -17763, -15922, -14445, -13183, -12056, -11159, -10548, -10131,
  -19725, -16772, -14451, -13005, -12171, -11790, -11868, -12176, -12338,
  -18567, -15275, -13162, -12265, -12087, -12312, -12854, -13423, -13678,
  -17544, -14471, -12651, -12035, -12176, -12651, -13219, -13595, -13506,
  -17445, -14894, -13240, -12645, -12739, -12964, -13198, -13491, -13585,
  -16960, -14993, -13819, -13444, -13251, -12734, -12296, -12505, -13152,
  -16770, -17615, -18116, -17908, -17099, -16243, -15591, -14824, -13776,
  -18789, -18847, -18852, -18341, -17313, -16332, -15711, -15064, -14031,
  -20584, -20104, -19634, -18993, -18043, -17010, -16129, -15226, -14120,
  -22806, -21800, -20939, -20250, -19348, -18090, -16749, -15440, -14120,
  -24445, -23072, -22008, -21127, -19937, -18440, -17125, -16087, -15064,
  -24982, -22864, -21085, -19702, -18450, -17355, -16556, -15795, -14840,
  -24617, -21998, -19927, -18628, -17819, -17193, -16525, -15508, -14261,
  -22864, -20600, -18998, -17991, -17245, -16640, -16165, -15550, -14673,
  -21487, -19911, -18497, -17073, -15685, -14668, -14250, -14099, -13770,
  -16002, -16029, -15736, -14902, -13744, -12799, -12152, -11375, -10264,
  -17369, -16623, -15898, -14933, -13759, -12773, -12043, -11125, -9799,
  -18611, -17474, -16618, -15689, -14417, -12997, -11657, -10248, -8777,
  -20442, -18778, -17458, -16232, -14703, -13018, -11474, -9992, -8652,
  -21877, -19571, -17724, -16274, -14844, -13597, -12794, -12090, -11250,
  -21793, -18773, -16649, -15335, -14297, -13634, -13535, -13498, -13102,
  -21032, -17839, -15705, -14448, -13592, -13191, -13300, -13363, -13003,
  -20484, -17615, -15397, -13874, -12883, -12429, -12434, -12481, -12366,
  -19086, -16681, -14683, -13243, -12231, -11516, -11135, -11104, -11406,
  -16092, -16572, -16921, -17365, -17772, -17918, -17787, -17433, -16770,
  -17855, -17793, -17949, -18215, -18085, -17568, -17167, -16843, -16076,
  -19326, -19290, -19410, -19436, -18904, -18006, -17328, -16754, -15758,
  -21194, -21184, -21184, -21053, -20490, -19525, -18424, -17120, -15528,
  -23829, -23453, -22785, -21914, -20829, -19535, -18142, -16687, -15210,
  -25305, -23312, -21105, -19274, -17840, -16619, -15539, -14548, -13650,
  -23390, -20182, -17709, -16483, -15878, -15283, -14715, -14162, -13614,
  -19827, -17297, -15993, -15925, -15925, -15461, -15095, -15033, -14876,
  -18940, -17307, -16186, -15748, -15174, -14182, -13603, -13807, -14125,
  -15359, -15558, -15521, -15187, -14598, -13899, -13116, -12245, -11384,
  -16752, -16293, -15824, -15083, -13935, -12761, -11885, -11097, -10085,
  -17634, -16684, -16001, -15140, -13794, -12422, -11410, -10393, -9052,
  -18943, -17608, -16763, -15949, -14775, -13471, -12193, -10669, -8927,
  -21056, -19528, -18265, -17055, -15787, -14592, -13466, -12213, -10894,
  -22648, -20399, -18197, -16314, -14895, -13961, -13319, -12740, -12167,
  -22877, -19945, -17201, -15213, -14206, -13904, -13846, -13591, -13027,
  -21557, -18865, -16502, -14869, -14128, -13899, -13747, -13445, -12970,
  -18964, -16945, -15239, -13951, -13179, -12469, -11640, -11160, -11269,
  -17118, -17765, -17833, -17812, -18047, -18626, -19393, -19925, -20003,
  -18626, -18156, -17697, -17614, -17822, -18334, -19095, -19513, -19132,
  -19320, -18991, -19001, -19346, -19502, -19393, -19299, -18934, -17927,
  -20274, -20118, -20316, -20728, -20671, -19935, -18939, -17807, -16362,
  -19633, -19461, -19544, -19716, -19393, -18386, -17134, -15861, -14343,
  -18355, -17760, -17342, -17108, -16576, -15563, -14447, -13320, -11797,
  -18626, -17029, -15699, -15110, -14687, -13931, -13117, -12287, -11092,
  -17050, -15057, -13748, -13544, -13524, -13002, -12308, -11729, -11171,
  -15240, -13920, -13054, -12553, -11818, -10732, -9872, -9626, -9960,
  -14632, -15185, -15697, -16250, -16834, -17335, -17356, -16646, -15519,
  -15957, -15916, -15937, -15874, -15822, -15905, -15644, -14497, -12785,
  -17105, -17022, -16907, -16260, -15227, -14298, -13370, -11961, -10281,
  -18597, -18044, -17491, -16500, -14945, -13370, -12128, -10918, -9509,
  -19056, -17606, -16291, -15144, -13798, -12441, -11533, -10772, -9551,
  -18837, -16594, -14601, -13203, -12034, -11012, -10500, -10177, -9269,
  -18733, -16229, -14027, -12535, -11533, -10949, -10980, -11179, -10782,
  -17909, -15832, -14204, -13161, -12410, -11711, -11293, -11179, -11074,
  -17011, -15331, -13985, -12973, -12003, -10657, -9280, -8612, -8873,
  -18213, -19862, -20524, -20973, -21182, -20994, -20806, -20910, -21025,
  -20811, -20863, -19924, -19277, -19163, -19366, -19857, -20457, -20728,
  -20754, -19711, -18818, -18239, -17812, -17759, -18234, -18683, -18495,
  -18886, -17853, -18088, -18521, -18453, -18323, -18464, -18344, -17446,
  -17405, -16653, -17175, -18166, -19131, -20008, -20394, -19742, -18062,
  -17347, -16919, -16841, -17034, -17561, -18067, -17832, -16758, -15302,
  -18782, -18698, -17765, -16617, -15954, -15433, -14462, -13434, -12704,
  -18098, -16622, -14008, -12094, -12031, -12615, -12365, -11546, -10690,
  -13737, -11322, -8708, -7450, -8113, -8922, -8478, -7581, -7117,
  -13422, -15696, -17877, -19620, -20559, -20684, -20277, -19651, -18931,
  -16281, -17585, -18169, -18461, -18722, -18827, -18597, -18086, -17501,
  -16855, -16886, -16740, -16322, -15759, -15342, -15060, -14601, -13829,
  -15874, -15342, -15540, -15415, -14611, -13860, -13505, -13004, -11846,
  -14768, -13296, -13265, -13714, -14037, -14402, -14632, -14121, -12597,
  -15143, -13182, -12493, -12639, -13036, -13276, -13119, -12587, -11711,
  -16740, -14799, -13213, -12253, -11627, -10907, -10125, -9822, -9895,
  -14851, -11888, -9519, -8643, -8883, -9060, -8664, -8184, -7871,
  -11001, -8549, -7057, -7005, -7704, -7808, -6921, -5920, -5523 ;
}
