"x"	"y"
-137.75	60.75
-132.25	60.25
-134.75	59.75
-129.25	59.25
-129.75	58.75
-129.75	56.75
-129.25	56.25
-128.75	55.75
-128.25	55.75
-124.25	55.75
-122.25	55.75
-121.75	55.75
-120.25	55.75
-129.25	55.25
-127.75	55.25
-123.25	55.25
-121.25	55.25
-128.75	54.75
-128.25	54.75
-127.25	54.75
-124.25	54.75
-122.75	54.75
-128.75	54.25
-128.25	54.25
-126.75	54.25
-125.25	54.25
-124.25	54.25
-120.75	54.25
-120.25	54.25
-126.75	53.75
-126.25	53.75
-125.25	53.75
-123.25	53.75
-121.75	53.75
-122.75	53.25
-122.25	53.25
-120.75	53.25
-125.25	52.75
-123.75	52.75
-121.25	52.75
-120.25	52.75
-119.25	52.75
-99.75	52.75
-125.75	52.25
-122.75	52.25
-122.25	52.25
-121.75	52.25
-122.75	51.75
-122.25	51.75
-120.25	51.75
-127.25	51.25
-125.75	51.25
-122.25	51.25
-121.75	51.25
-120.25	51.25
-127.25	50.75
-122.75	50.75
-121.75	50.75
-121.25	50.75
-120.75	50.75
-120.25	50.75
-119.75	50.75
-126.75	50.25
-122.75	50.25
-121.75	50.25
-121.25	50.25
-120.75	50.25
-126.75	49.75
-125.75	49.75
-125.25	49.75
-121.25	49.75
-120.75	49.75
-116.75	49.75
-114.25	49.75
-125.75	49.25
-124.75	49.25
-123.75	49.25
-122.75	49.25
-122.25	49.25
-121.75	49.25
-121.25	49.25
-120.75	49.25
-119.25	49.25
-118.75	49.25
-118.25	49.25
-117.75	49.25
-117.25	49.25
-115.25	49.25
-114.75	49.25
-98.75	49.25
-124.75	48.75
-123.25	48.75
-121.25	48.75
-120.75	48.75
-119.75	48.75
-118.25	48.75
-117.75	48.75
-117.25	48.75
-116.75	48.75
-115.25	48.75
-114.75	48.75
-114.25	48.75
-113.75	48.75
-113.25	48.75
-112.75	48.75
-111.25	48.75
-103.75	48.75
-123.75	48.25
-123.25	48.25
-122.75	48.25
-122.25	48.25
-121.75	48.25
-121.25	48.25
-120.25	48.25
-119.75	48.25
-117.75	48.25
-117.25	48.25
-116.75	48.25
-116.25	48.25
-115.75	48.25
-115.25	48.25
-114.25	48.25
-113.75	48.25
-113.25	48.25
-112.75	48.25
-112.25	48.25
-111.75	48.25
-111.25	48.25
-109.75	48.25
-103.75	48.25
-103.25	48.25
-102.75	48.25
-102.25	48.25
-100.75	48.25
-100.25	48.25
-98.25	48.25
-83.25	48.25
-122.75	47.75
-122.25	47.75
-121.25	47.75
-120.75	47.75
-118.25	47.75
-117.75	47.75
-117.25	47.75
-116.75	47.75
-116.25	47.75
-115.75	47.75
-115.25	47.75
-114.75	47.75
-114.25	47.75
-113.75	47.75
-113.25	47.75
-112.75	47.75
-112.25	47.75
-111.75	47.75
-110.75	47.75
-109.25	47.75
-104.75	47.75
-104.25	47.75
-103.75	47.75
-103.25	47.75
-100.75	47.75
-98.25	47.75
-96.25	47.75
-95.75	47.75
-95.25	47.75
-121.75	47.25
-121.25	47.25
-120.75	47.25
-120.25	47.25
-119.25	47.25
-118.25	47.25
-117.25	47.25
-116.75	47.25
-116.25	47.25
-115.75	47.25
-115.25	47.25
-114.75	47.25
-114.25	47.25
-113.75	47.25
-113.25	47.25
-112.75	47.25
-112.25	47.25
-111.25	47.25
-109.75	47.25
-109.25	47.25
-108.25	47.25
-105.75	47.25
-101.75	47.25
-99.75	47.25
-95.25	47.25
-94.75	47.25
-88.75	47.25
-121.25	46.75
-120.75	46.75
-120.25	46.75
-117.75	46.75
-117.25	46.75
-116.75	46.75
-115.75	46.75
-115.25	46.75
-114.75	46.75
-114.25	46.75
-113.75	46.75
-113.25	46.75
-112.75	46.75
-112.25	46.75
-111.75	46.75
-103.75	46.75
-103.25	46.75
-102.75	46.75
-101.75	46.75
-101.25	46.75
-99.75	46.75
-96.25	46.75
-95.75	46.75
-95.25	46.75
-92.25	46.75
-88.25	46.75
-123.25	46.25
-118.75	46.25
-118.25	46.25
-117.75	46.25
-116.75	46.25
-116.25	46.25
-115.75	46.25
-115.25	46.25
-114.25	46.25
-113.75	46.25
-113.25	46.25
-112.75	46.25
-112.25	46.25
-111.75	46.25
-111.25	46.25
-110.75	46.25
-110.25	46.25
-109.75	46.25
-109.25	46.25
-108.75	46.25
-108.25	46.25
-106.75	46.25
-104.25	46.25
-103.75	46.25
-103.25	46.25
-102.75	46.25
-102.25	46.25
-100.25	46.25
-99.25	46.25
-96.25	46.25
-95.75	46.25
-92.25	46.25
-91.75	46.25
-91.25	46.25
-90.25	46.25
-122.75	45.75
-122.25	45.75
-121.75	45.75
-121.25	45.75
-120.25	45.75
-119.25	45.75
-118.25	45.75
-117.75	45.75
-117.25	45.75
-115.75	45.75
-115.25	45.75
-114.75	45.75
-114.25	45.75
-113.75	45.75
-112.75	45.75
-112.25	45.75
-111.75	45.75
-111.25	45.75
-110.75	45.75
-110.25	45.75
-109.75	45.75
-109.25	45.75
-108.25	45.75
-106.75	45.75
-103.25	45.75
-102.75	45.75
-102.25	45.75
-91.75	45.75
-91.25	45.75
-89.75	45.75
-89.25	45.75
-88.25	45.75
-84.75	45.75
-84.25	45.75
-81.75	45.75
-76.75	45.75
-122.25	45.25
-121.75	45.25
-121.25	45.25
-120.75	45.25
-120.25	45.25
-118.75	45.25
-118.25	45.25
-116.25	45.25
-115.25	45.25
-114.75	45.25
-114.25	45.25
-113.75	45.25
-112.25	45.25
-111.75	45.25
-111.25	45.25
-110.75	45.25
-109.75	45.25
-109.25	45.25
-108.75	45.25
-107.75	45.25
-106.25	45.25
-105.25	45.25
-92.75	45.25
-91.25	45.25
-88.25	45.25
-87.75	45.25
-87.25	45.25
-86.75	45.25
-76.75	45.25
-76.25	45.25
-73.25	45.25
-64.25	45.25
-122.25	44.75
-121.25	44.75
-119.25	44.75
-118.75	44.75
-117.75	44.75
-117.25	44.75
-116.75	44.75
-115.25	44.75
-114.75	44.75
-113.75	44.75
-111.75	44.75
-111.25	44.75
-107.25	44.75
-104.25	44.75
-92.75	44.75
-89.75	44.75
-89.25	44.75
-88.25	44.75
-87.75	44.75
-87.25	44.75
-84.25	44.75
-83.25	44.75
-79.75	44.75
-76.75	44.75
-73.25	44.75
-69.75	44.75
-123.25	44.25
-122.25	44.25
-121.75	44.25
-121.25	44.25
-120.75	44.25
-120.25	44.25
-119.25	44.25
-114.75	44.25
-114.25	44.25
-112.75	44.25
-112.25	44.25
-111.75	44.25
-109.75	44.25
-109.25	44.25
-108.75	44.25
-106.75	44.25
-103.75	44.25
-103.25	44.25
-102.25	44.25
-91.25	44.25
-90.75	44.25
-90.25	44.25
-89.75	44.25
-89.25	44.25
-88.25	44.25
-87.75	44.25
-80.75	44.25
-75.75	44.25
-73.75	44.25
-73.25	44.25
-72.75	44.25
-71.75	44.25
-121.75	43.75
-121.25	43.75
-120.75	43.75
-119.75	43.75
-119.25	43.75
-115.75	43.75
-114.25	43.75
-113.75	43.75
-113.25	43.75
-112.25	43.75
-111.75	43.75
-110.75	43.75
-106.75	43.75
-106.25	43.75
-104.75	43.75
-103.25	43.75
-89.75	43.75
-88.25	43.75
-84.75	43.75
-73.25	43.75
-70.75	43.75
-69.75	43.75
-123.75	43.25
-119.75	43.25
-115.25	43.25
-114.25	43.25
-113.75	43.25
-112.75	43.25
-112.25	43.25
-111.75	43.25
-111.25	43.25
-110.75	43.25
-107.25	43.25
-106.75	43.25
-105.25	43.25
-102.75	43.25
-100.25	43.25
-94.75	43.25
-90.25	43.25
-89.75	43.25
-89.25	43.25
-88.25	43.25
-85.25	43.25
-80.25	43.25
-79.75	43.25
-76.25	43.25
-73.25	43.25
-72.75	43.25
-118.75	42.75
-114.25	42.75
-112.75	42.75
-112.25	42.75
-111.75	42.75
-110.75	42.75
-108.75	42.75
-106.75	42.75
-106.25	42.75
-99.25	42.75
-98.75	42.75
-98.25	42.75
-90.25	42.75
-89.75	42.75
-89.25	42.75
-88.25	42.75
-87.75	42.75
-85.25	42.75
-82.25	42.75
-80.25	42.75
-79.25	42.75
-76.25	42.75
-73.75	42.75
-72.75	42.75
-72.25	42.75
-71.75	42.75
-71.25	42.75
-122.25	42.25
-121.75	42.25
-114.75	42.25
-114.25	42.25
-113.75	42.25
-111.25	42.25
-110.75	42.25
-104.75	42.25
-98.75	42.25
-98.25	42.25
-97.75	42.25
-93.75	42.25
-85.75	42.25
-81.75	42.25
-76.75	42.25
-76.25	42.25
-73.25	42.25
-72.75	42.25
-72.25	42.25
-71.75	42.25
-71.25	42.25
-70.75	42.25
-70.25	42.25
-124.25	41.75
-123.75	41.75
-123.25	41.75
-122.75	41.75
-122.25	41.75
-121.75	41.75
-121.25	41.75
-120.75	41.75
-120.25	41.75
-118.75	41.75
-117.75	41.75
-114.75	41.75
-111.75	41.75
-109.75	41.75
-106.75	41.75
-106.25	41.75
-98.25	41.75
-97.25	41.75
-85.75	41.75
-79.75	41.75
-77.25	41.75
-74.25	41.75
-73.75	41.75
-73.25	41.75
-72.75	41.75
-72.25	41.75
-71.75	41.75
-71.25	41.75
-70.75	41.75
-70.25	41.75
-123.25	41.25
-122.75	41.25
-122.25	41.25
-121.75	41.25
-121.25	41.25
-120.75	41.25
-120.25	41.25
-119.25	41.25
-117.75	41.25
-116.25	41.25
-115.75	41.25
-115.25	41.25
-114.75	41.25
-111.75	41.25
-110.75	41.25
-105.75	41.25
-105.25	41.25
-104.75	41.25
-103.25	41.25
-77.25	41.25
-75.75	41.25
-74.25	41.25
-73.75	41.25
-73.25	41.25
-72.75	41.25
-72.25	41.25
-71.75	41.25
-71.25	41.25
-70.75	41.25
-70.25	41.25
-124.25	40.75
-123.75	40.75
-123.25	40.75
-122.75	40.75
-122.25	40.75
-121.75	40.75
-121.25	40.75
-120.75	40.75
-120.25	40.75
-119.75	40.75
-119.25	40.75
-115.75	40.75
-114.75	40.75
-112.25	40.75
-109.25	40.75
-106.25	40.75
-105.75	40.75
-105.25	40.75
-78.25	40.75
-75.75	40.75
-74.75	40.75
-74.25	40.75
-73.75	40.75
-72.75	40.75
-124.25	40.25
-123.75	40.25
-122.25	40.25
-121.75	40.25
-121.25	40.25
-120.75	40.25
-120.25	40.25
-115.25	40.25
-114.75	40.25
-112.75	40.25
-111.75	40.25
-111.25	40.25
-105.75	40.25
-105.25	40.25
-78.25	40.25
-76.75	40.25
-74.25	40.25
-123.75	39.75
-123.25	39.75
-122.75	39.75
-122.25	39.75
-121.75	39.75
-121.25	39.75
-120.75	39.75
-120.25	39.75
-119.75	39.75
-117.25	39.75
-115.75	39.75
-115.25	39.75
-114.75	39.75
-114.25	39.75
-112.25	39.75
-105.25	39.75
-104.75	39.75
-96.25	39.75
-95.75	39.75
-78.25	39.75
-75.25	39.75
-74.75	39.75
-74.25	39.75
-123.75	39.25
-123.25	39.25
-122.25	39.25
-121.25	39.25
-120.75	39.25
-120.25	39.25
-119.75	39.25
-115.75	39.25
-115.25	39.25
-114.75	39.25
-114.25	39.25
-108.25	39.25
-105.25	39.25
-104.75	39.25
-95.75	39.25
-94.25	39.25
-78.25	39.25
-77.25	39.25
-123.75	38.75
-123.25	38.75
-121.25	38.75
-120.75	38.75
-120.25	38.75
-119.75	38.75
-119.25	38.75
-115.75	38.75
-115.25	38.75
-114.75	38.75
-112.75	38.75
-107.75	38.75
-105.25	38.75
-90.25	38.75
-79.75	38.75
-78.25	38.75
-77.75	38.75
-77.25	38.75
-76.75	38.75
-76.25	38.75
-122.75	38.25
-122.25	38.25
-121.75	38.25
-120.75	38.25
-120.25	38.25
-119.75	38.25
-119.25	38.25
-117.25	38.25
-116.75	38.25
-116.25	38.25
-114.75	38.25
-114.25	38.25
-113.75	38.25
-112.75	38.25
-108.25	38.25
-85.25	38.25
-78.75	38.25
-121.75	37.75
-120.25	37.75
-119.75	37.75
-119.25	37.75
-118.75	37.75
-114.75	37.75
-114.25	37.75
-100.25	37.75
-85.75	37.75
-80.75	37.75
-119.75	37.25
-119.25	37.25
-115.25	37.25
-114.75	37.25
-113.25	37.25
-109.75	37.25
-108.25	37.25
-107.75	37.25
-92.75	37.25
-91.25	37.25
-85.75	37.25
-80.75	37.25
-80.25	37.25
-78.75	37.25
-121.75	36.75
-112.25	36.75
-110.75	36.75
-107.75	36.75
-105.25	36.75
-104.75	36.75
-93.25	36.75
-92.75	36.75
-91.75	36.75
-90.75	36.75
-90.25	36.75
-114.75	36.25
-112.25	36.25
-111.25	36.25
-110.75	36.25
-108.75	36.25
-94.25	36.25
-83.75	36.25
-82.75	36.25
-80.25	36.25
-118.25	35.75
-111.75	35.75
-108.75	35.75
-93.75	35.75
-84.75	35.75
-81.25	35.75
-111.75	35.25
-111.25	35.25
-108.25	35.25
-106.75	35.25
-105.25	35.25
-83.25	35.25
-82.75	35.25
-119.25	34.75
-118.75	34.75
-117.25	34.75
-112.25	34.75
-111.75	34.75
-111.25	34.75
-119.25	34.25
-116.75	34.25
-112.75	34.25
-111.25	34.25
-110.75	34.25
-86.25	34.25
-85.75	34.25
-108.75	33.75
-105.75	33.75
-116.75	33.25
-104.75	33.25
-116.75	32.75
-108.25	32.75
-110.75	32.25
-87.25	32.25
-110.75	31.75
-110.25	31.75
-87.25	30.75
